# name: debug
# type: sparse matrix
# nnz: 36
# rows: 6
# columns: 6

1 1 -7.66778114e+12
2 1 1.74044064e+12
3 1 15293383.6
4 1 -2688366.77
5 1 -12334965.7
6 1 5.74866583e+10
1 2 1.74044064e+12
2 2 -3.95046364e+11
3 2 -1830474.76
4 2 622856.324
5 2 2799306.31
6 2 -1.30483956e+10
1 3 15293383.6
2 3 -1830474.76
3 3 62137966.6
4 3 434969.148
5 3 -122746.808
6 3 -110934.402
1 4 -2688366.77
2 4 622856.324
3 4 434969.148
4 4 3052.57362
5 4 -852.156355
6 4 20180.6158
1 5 -12334965.7
2 5 2799306.31
3 5 -122746.808
4 5 -852.156355
5 5 255.887361
6 5 92466.8128
1 6 5.74866583e+10
2 6 -1.30483956e+10
3 6 -110934.402
4 6 20180.6158
5 6 92466.8128
6 6 -430987605
